0.704426155928379	0.753224379766007
0.832695612353181	0.798023193393424
-0.410913738211618	-0.792771671736162
-0.285248562259506	0.602819927766383
0.72666461236688	0.0701440126771902
0.115152838747666	0.839010665418072
-0.344399151622888	-0.324983240290282
1.19163539998392	0.206808239295249
0.449995859138843	1.69823340555687
-0.632990400519934	-0.315692243335485
1.619935451558	1.67219166538144
0.876686740627578	0.913789482281201
1.71449753028657	1.57774112549128
1.75930344212638	2.56431745370475
0.782377379043454	1.42881412638016
-0.413142968222091	0.0701794063477035
-1.4726924091483	-0.677273897231323
0.0983365672035317	0.155183218250802
0.0252171481881798	-0.588466281896461
1.11499823003455	-0.186491539768388
-0.235516822630842	-1.21927719542193
0.114212510800544	0.497319617065114
0.642185485713011	1.75288904139574
1.23480604981615	1.392679221024
1.14987669749335	-0.233049068650723
-0.486455422600765	-0.108491670541518
1.99016314303	3.27829766430475
1.44773673393799	1.0269866134218
2.46892228172651	2.95127453477827
2.77095954788972	2.50603289054166
1.37986046102992	1.6840048278885
0.831482168340625	0.669639627154303
1.45072315719049	0.720720902778809
1.02012034001757	1.25576900868575
-0.191419017751745	-0.173901497181789
1.55164282559823	0.419288493661276
0.564951157871002	0.643647663688558
0.486644908240915	0.0947755702368893
-0.619814262161183	-1.1432874126015
1.01547236608417	2.58681125818047
0.00610373017229252	-0.0668888487636634
-0.00446818525081857	0.162339902648591
0.197290369192916	-0.0617594870339013
0.565956640392032	-0.779981096384346
0.238919824082286	0.120961438854122
0.300610161544768	0.657007259966957
-1.34573346177119	-0.536243505752593
-0.737398738801573	-0.262334364415659
2.16750881416293	2.4989390929144
-0.220595680579008	0.171865159439392
0.709226093222336	0.510624240167775
-0.606418543567723	-0.290540887516216
0.216941016853185	-0.632464729851029
0.00505584305667384	-0.298041619239314
0.697313682421651	1.23669157508372
0.0251621665468204	0.0077822694741573
1.84192569813962	2.17680997745651
-1.13360323537941	-0.530876355086717
1.5678051991598	1.9825230532566
1.67591349844521	1.52922533750072
0.301024624565678	0.306421465806806
-0.197897579831269	-0.645485351325226
-1.73919304063281	-0.884703619892976
-0.967784766457843	0.699852205050827
-0.449965328214027	-0.630108332294253
-1.15054949037725	-0.611799671034248
-0.546587365303564	-0.29152992653766
-0.364785434174738	0.129367031919867
-0.459242423691348	0.36862436230197
1.5552079473811	1.52113127889443
-0.712003741757616	-0.859484099840782
0.420633194905275	-0.101072278204837
1.09441000270109	1.26996938702881
0.153400631970581	1.20343044454516
-1.35214713800254	-0.827445569888964
-0.870884289882262	0.193997898287667
-0.757748285928588	0.260373761562103
-1.02383533367232	-2.61749703253322
-1.64313768121038	-0.996997265381793
1.45969361645411	1.64469217353946
-0.0784055156659982	0.00162632432059912
0.25592221974214	-0.181926913193829
0.35916950277514	0.938092974074858
-0.306023910271992	-0.532560669963308
0.397187794666361	1.16777387379664
-0.219767098708646	-0.36454049717263
2.08806601245269	1.81290574340749
-1.13567576598545	-1.1499068772651
0.736001292159699	1.86239763540398
1.11093420374025	0.840799124554195
-0.187310192024047	-0.0956829172538346
-0.284756351548584	0.648205245231662
1.07323678431336	0.541551053745091
1.25147211856749	0.762554623421973
0.162077438914063	-0.324846938325284
0.966740733620903	1.022413950265
0.724968010492954	0.397644909072072
0.726338993460309	0.242226305507545
-0.637419946740647	-0.71802789270367
-0.985384704414989	-1.36443261886092
0.467316590618709	0.903526760135695
-0.191987652421693	-0.252827995925226
0.819008366746345	0.802086266046849
-1.19771495196414	0.533973149852514
0.751552548334704	0.972784335344057
0.223456769946441	-0.168982853917433
0.418795000558631	-0.450268060928505
1.39738644144741	0.650961613205165
-1.19854044356013	-2.48398570676992
-0.640513803388933	0.51370896103409
0.400487933005599	1.02475268272548
0.616008638408722	0.215123492673153
-1.35170958252998	-0.835777733196096
-0.482775389465256	0.0342403852693697
0.0755381275877414	0.466172186998913
-1.10879183167284	-0.395573440826743
-1.22090968223296	-0.925617509387577
0.585661853381924	0.333368619711235
0.56778300198208	0.0315609583927263
2.65493396497195	3.89487766420047
-0.242577709476241	-0.165009117944865
1.33032906967906	1.56060881410368
-1.68462900875917	-1.31812385511828
-1.051268557445	-0.299160155828375
-1.42143435789295	-0.536768607157132
0.465695789514798	-0.352251067567864
0.0180566320732817	-0.156089197340989
-1.36141575383486	-0.616742433567346
1.35619585751784	0.123321143209094
-0.00546493161794245	-0.138333765165412
0.826298788538126	2.11225665499434
1.01116757836119	1.25805125817897
-1.24435022317844	-0.423731775706531
1.67309254855105	1.25031897519573
-0.673003647064138	-1.24081698441309
0.0844468523417438	0.224553899085441
-0.32850882928981	-0.236277414383651
1.0280049272414	0.382425938149863
1.95158059123022	1.07017920099547
0.277193925456757	-0.778170246975999
1.03813626927579	0.421944812634176
-1.65166722055422	-2.19904866766447
0.149575016897244	1.79822850983822
0.321461512762721	0.344970881602729
-0.270057508174931	-0.16742364566601
1.19233886827212	1.19851004490719
-1.31362540355004	-0.0689007345243465
-1.6749115896296	-0.753924946991808
0.262634628803333	-0.0250330432740311
1.8787329463168	2.93682783847185
0.373987883500101	0.684905334076413
1.39395075409869	0.803552117050208
-0.912571817841769	-1.12076723803069
0.732773074984451	0.723754256846268
0.605024480249695	2.01449491728311
1.40139478210311	1.53909711986334
-0.433545864051691	-0.946056501071994
-0.207720139693205	0.162938661775174
-0.0944366774657017	0.0791248912879308
0.211910535464621	-0.226025868327436
0.785414409640177	0.742026214613491
1.73500700228155	1.50055460210106
-1.92220408892685	-1.16524807749124
0.711067726798057	0.824129333398671
-0.322554697380432	0.00506345953059417
-0.372767774853125	0.558457255788042
-1.22791503166606	-1.95708596652066
1.69781768739169	1.67073261024402
-0.262498486693243	-0.171463260542
1.2373518800595	0.333209578492554
1.01887455752311	2.6545075837659
0.94419445095248	0.877649602757877
-1.02599502893613	-0.722650392246869
-0.613690582020213	-0.854219770847034
-1.25111049831735	-1.35295679824922
0.835415469407646	0.340290579166816
-0.362098308737248	-0.668681918127263
2.29437617148767	2.72984098863537
-0.20042385863057	0.847262732807572
0.787396007724073	-0.35354370161992
-0.757172756353699	-0.884316122418069
0.192464836164173	0.443561420937404
-0.291688065447208	0.216947557090806
1.44071732759685	1.96823490383506
0.253270115663078	-1.29322390759446
0.0847286908477221	-0.176100249421921
0.683423249813193	1.11444761631313
1.01578668947581	0.928771488952532
3.04338065034577	1.41232255523499
1.49193628324502	1.40063777914953
-0.33008323797444	-1.27505004083471
1.33741317375586	2.13056795569377
0.351560464497718	1.14058741320418
0.313093675899862	1.45522521777115
1.54352655266653	1.70131024959798
0.19930842866129	-0.253864015399102
-1.702176890269	-1.18927241827542
0.832748049798389	1.12086384063075
1.14114458745012	0.73420676791036
1.51802509043732	0.0458062277603042
1.32358352400479	2.37598150840057
0.722014319485298	2.13514991954095
0.547521203738261	0.27097847509692
-0.552028162876129	-0.70557755179971
0.22572230724947	0.38596507598617
0.287883115760047	0.517550887695659
0.314052518972177	1.21189937377178
-1.03509380702636	-1.19051608212151
-0.387436234315966	0.603857103210012
-0.595403784534082	-0.883173570357429
-1.31574542954746	-0.934301213678759
0.986780389087933	1.26011754843462
1.35789569403916	1.30825851847766
1.74270224792535	2.20007828577382
0.804797945262269	-0.533055213534915
0.950548701566363	1.14674460823025
1.93574849165823	0.886949149731638
-0.927959587089353	-1.89281129887924
0.6515959445078	0.237411183255147
-0.101819017169145	-0.321682595511319
0.198295331906249	-0.105831445381819
-0.0584132529183091	0.752783643091441
0.544136664603842	0.678046392582297
1.20594495449254	1.25789842186402
0.0789962519802265	-0.089161694687519
1.69497902892694	1.19424793615268
-0.101799753102884	0.184212453023198
-0.513888219454838	0.836191299016825
-0.561063590900921	-0.656243948973949
-0.574492897863102	-0.294893404749274
-1.31005255037318	-2.08957580184131
1.20836025901476	1.12449432246743
1.53993274443542	0.24655294600054
0.729110891684103	1.31055376499596
-1.84848768414503	-0.976008716480252
-0.472805458879038	0.288277676521636
0.693188721867476	1.14077386664314
-0.199623793867722	-0.444363393363279
-0.482393055261039	-0.35154411710076
0.787760227364724	1.43675064622039
-0.33784597225206	-2.27777073451869
-0.163236878057545	-0.925606225004869
-2.36282204622434	-1.48920663126565
0.630502256859811	0.592271168397657
-2.04488757745426	-0.983321057587588
0.883132492772735	0.943688615004229
-0.264612974970802	-0.308345926280942
-1.6392220385002	-0.817140385678198
-0.000409932982886163	0.259782575899054
2.15877672339079	1.47866219376656
0.0280491096778808	-0.856813566053341
-0.0554325541306385	0.16078826816729
-0.69353335637268	-0.204936293996818
-0.187778814394632	0.395996332624439
0.163661950823256	-0.456179890130322
-0.104134177806399	-0.440857853213968
0.510525280307181	-0.322230100284011
-0.100395615822684	0.448260892774509
0.390910509333175	-0.0585775263782712
-0.077808278633031	-0.717674517029382
1.71860066221164	2.22633892456637
0.288019055676247	-0.194182575132035
1.00573228230462	0.268529250193392
-0.7418549279832	-0.229508524196117
0.605117803018495	1.45503141823362
-1.21909490745872	-1.35879941866614
1.05653354018012	0.0704250644314623
-0.357822804512245	-0.399075128336033
-1.94964244218497	-1.22401004932864
-0.640293685486637	-0.417099631613659
1.10929544925458	1.70369843992718
1.1185835789502	0.762407505203628
0.521096609617195	0.58365632136188
0.312275452847826	0.205581911315404
0.450243819828803	0.585718288895179
0.589589013381112	0.170536546286299
-0.16208432088456	0.0129182541032927
0.429311935658293	-0.171651436530837
1.5999459321393	0.874374425934284
-0.922164299164037	-1.00234482330777
1.33873142892067	0.725409112107391
0.229637349159227	-1.15322049549593
-0.073334359225072	-0.45045975942918
1.38338024233065	0.602920755307019
-0.0235342495710478	0.926171716444894
0.497423760530088	-0.305163538411974
0.229773584471816	-0.533443221964503
-0.85770621196461	-0.176971652233271
-1.22010243520255	-1.61072727544293
1.16608033702853	0.213794001568479
-0.268535101552812	-1.69010855392462
0.848084079759043	0.646882831284886
0.815166715643502	1.4695096420108
0.0903915441120394	0.31194467512155
-0.45374271842285	0.578129498593204
0.00205235963207046	0.095473918181769
0.304522311516901	-0.0318568885157822
0.452639874146859	0.828062901277663
1.39690783547228	2.25077256555141
1.30667224823462	0.773795466934314
-0.601081353055717	0.685671769102095
-0.0861730582018593	-0.578629133750058
-0.073119631896103	-1.00248706232416
-0.695535458302525	-0.0266230084811163
-0.0733705022360756	-0.138302023929028
0.76784513153917	1.91208711771761
1.39713405208249	2.87219878000095
2.88377497917806	2.13522586425802
1.44065012257592	1.13456167182129
0.981071895401133	0.220598653253829
0.60738498149593	0.121046134394623
-0.1592995751044	-0.00967234777232771
0.890911919968396	1.86243272244245
-0.0387830790138387	0.0791048267502137
0.214975397869453	0.461922777784073
-0.183056183422242	0.350955418430272
0.682265410893945	0.660898734808176
0.712786384135407	-0.0261309412177251
-0.298741891785457	-0.000404618949376268
0.728051866445206	0.259108245714097
0.413529063877947	0.673430518373919
1.47188877645494	1.2999587311605
0.484378244891117	0.874394647400751
-0.0745307373269888	-0.315402452869776
3.41059323950297	3.34734010386365
-1.14792064556365	0.0665478702319131
0.834683913248664	1.99145889804668
0.972001887773873	2.01661692748467
1.61351012589551	2.15766089293115
-0.397527429935828	-0.344848383327676
-1.31208443246994	-0.52726980530506
0.10773931310499	0.56274690275903
-0.065740655211509	-0.181738707875933
0.528773453805114	0.349974247223706
-0.135691986487556	0.611314758772852
-0.715968817865381	-2.00282645729885
1.29151567060949	0.780558734478329
-0.943825008649445	-0.670229158529677
1.63598122968362	1.89817031908223
-1.0228718063156	-0.0592058284047312
2.53768179311969	2.31535860134627
-1.24246337438343	0.309797147725565
-0.0513275525998957	-0.452934003613658
1.21807941644713	1.1929988196153
0.677545958304357	0.89147166649125
-0.868090746885421	-2.04770768440034
0.622821809255966	0.484944054508581
-1.12296738353524	0.0764849370658833
-1.65278783385466	-0.740665902732023
0.320901148925602	-0.684499111108073
1.21217296078723	0.737385649943254
1.64543745340569	1.21871608731726
-0.837109130020516	-1.04339721728904
-0.72489907542467	-0.334994388130366
0.206512869081884	-0.241153405799956
-0.0747072398321167	-0.119375504875653
-1.07589842454485	-0.581596117078567
-0.563805159717913	-0.529534688932003
1.725380110141	1.10297119374436
-0.185193235113874	1.06939990231704
2.3307206411923	1.67842224920729
1.24290820792791	1.6199063603791
-1.76558967027037	-1.56021876597157
0.986327515187857	1.18762124834651
1.03495609405056	0.84700721808066
1.52860701085207	1.95492121480645
1.12961407100305	2.55951087569745
1.7232781489925	0.915057820447771
1.72553287017676	2.49623108719505
0.084943555788816	-0.768476420972422
0.765803504944133	-0.153834655315666
1.28961853751671	0.971916419729506
0.0973762571715203	0.141997938882603
0.132053146759306	0.948599820130152
-0.670922604308445	-0.329172227596583
-0.671395403360558	-1.34448971959233
0.542675773284711	1.08143590460073
0.411023984369074	0.637217111690399
-0.106391137321374	-0.414492615560117
0.228215283287457	0.371897157213879
0.320576383004995	-0.12831842890692
1.17491536430682	1.27315066354452
-0.167257273854104	-1.82221214002139
1.03919649665858	0.989485844985892
0.959049723378599	1.30680742443847
0.0693778747795066	-0.658685428281125
0.430860213663756	-0.362830524026513
-0.0718383266664132	0.151847170822886
0.445063644315467	0.884402168554451
1.04851648135667	-0.569607862007969
-0.199764889695906	-0.669323403906985
2.92917630241792	2.88625514164933
0.213383120696196	-1.26570799703444
0.421614014909217	1.41451270548932
-0.523716677681295	-0.175222107309699
1.18397832057675	0.496710625423027
1.92106993555108	1.29460433169802
-0.33081341373927	-0.0897926560128242
0.816375601012084	0.891550799660154
-0.753355809495488	-1.35216004358254
-1.39339392954126	-0.978577958736611
-0.448241592481093	-0.0938725587398792
2.85083743296174	2.58801403623331
0.0389685261444866	-0.0131764295677029
-0.624381583504314	0.110124923950682
0.815706186880378	-0.436813400666742
1.72011940807365	0.383425872225559
-1.00204675601163	-1.39466973012433
-1.71374231639427	-1.60238932105341
2.65375711162509	1.53985458852338
-0.203684423337698	-0.281002302553201
1.26298508494649	1.17114945957993
-1.76277922939097	-1.13275435373982
-0.251133952898423	-0.902478904752571
1.8244291382312	2.01505420892543
-0.538088222719306	-0.798266960185158
0.594501554746851	0.453853737544137
0.404697284695382	-0.358597228890223
1.46864573844833	0.392000508808202
0.676675187688574	-0.965446308757017
0.454169387198514	0.66883944390828
-0.960919504697489	-1.02104978529976
1.27640840009785	0.459905224481631
-0.385263648487407	-0.402510061617421
1.89069747558894	1.70665033981197
-1.08835115599728	-1.10999202895921
0.469308531625738	0.614751364286697
1.92391722115696	3.17072795022206
-0.345567742948539	-1.76408331308667
2.02179165133881	0.803447680507777
-0.384985993040137	-0.475835559443571
0.359716286207557	-0.329639779863798
-0.0836092374322117	-0.873657807348299
-0.163525221515436	-0.846699066803781
1.31239217936678	0.800997066300475
0.836774291241364	0.230954242240754
-0.925473014594113	-0.340300617996968
1.59691690527592	2.94730795635149
0.314823489798722	-0.2739997790073
-0.094393293133576	-1.12888559204628
0.954363305916491	1.66134531822599
-0.751731165702252	-0.12823058141506
-0.494395974903414	-0.0851839759951694
0.638440035539096	0.671128672708797
0.9966437234521	0.340784482450567
0.46362465863887	1.24478812785848
-0.314181914986182	-0.0721918010978474
-0.799097165163992	-0.0276465649049317
1.13353667865732	0.785527774107879
-1.9222027277333	-0.863633706677916
-0.223652598896425	0.254647018688826
1.08378462344607	-0.166139871866428
1.0907609145057	1.46775528095929
0.623881180727315	-0.472239462985091
1.73413308371266	3.1388787699486
1.5303999033101	1.06736983583459
0.577163263426992	0.0268064703770836
1.49564701471459	2.60389834229351
-0.510559175197335	0.500907623214876
0.856360081734077	0.579344957903537
0.12760126252351	0.335392767281655
1.01212839522491	0.851191256253492
1.1009925651045	0.392215581404538
-0.607260758537703	-0.285272839598077
0.101608140734291	0.16027578719298
-0.359277722116334	0.0912635625903094
-0.96231586910089	-2.01029215998945
0.585296617972595	1.38262826824118
-0.0262792167561947	-0.0800155120419428
0.389223132429648	-0.846254539620412
-0.0747675127699836	-0.00794867246914563
0.428130999452759	-0.206951921276775
0.972766806210816	1.4256651341439
-1.79659738682194	-1.46823175251955
1.56116180173194	1.01545529952328
0.0637145630096504	0.298706919905485
-1.82759475878932	-1.53707426335285
0.768107258156436	2.22464362019234
1.09106757540395	0.858814632743576
0.411495185956653	0.278808398591342
-0.120091274480359	-0.519678838905741
1.14704782798377	1.37543782157295
0.3559739033842	1.00692026504081
-1.89677528060067	-1.07986937971654
-0.680637646842061	-2.09130548366499
2.168124130883	2.24894384537238
0.895764026975645	0.0951388031229217
0.505342555709449	1.51557456656947
0.625462925941098	0.725912563457762
-0.372472923945858	-0.537575282546821
0.737328081245388	0.2767697591969
0.40045418138299	0.107653906328361
0.0243119664912412	0.45876093987338
1.62363843383607	2.12291440422991
0.889634645188611	0.0225320581121188
0.44239497650166	-0.574032092142713
1.18163136268615	1.0315268699029
1.96605303411271	1.64997503614489
1.94580757704659	2.89401490678235
0.873371047796522	2.13781446994116
-0.352311488698681	-0.993150485707153
0.40481600022175	-0.226275377140109
0.550692793663604	-0.478833154631963
0.0743415575957305	0.762677711919682
0.374039494815493	0.691173288066993
-0.584922832781977	0.550210543930149
0.0735309583405458	-1.05579996826865
1.69999825832003	0.945848834270016
0.152717513815196	0.856273675701933
0.925279295256298	1.32475443870061
-0.526493568866804	-0.430556959197249
0.938743416591751	-0.000831741909474659
-0.366461199347779	-0.105019871408103
1.09580633785489	2.40193075958177
-0.511827124250499	-0.86654981574207
-0.0565615516005569	-1.25505900303279
0.558261847741086	0.866549930163674
-0.306742195964862	0.0946374669265627
-0.244578943715919	-0.805805878524338
1.69032322561528	1.5991499970489
0.278230139176738	-0.634865162735619
0.18767453027122	-0.0391361702053981
0.850789766146597	0.718423616534063
-0.0212896231953224	-0.147873270889615
-0.126131392540868	-0.357955491189684
0.849161128921097	-0.0940743021886851
0.175348442060761	0.574485933180949
-0.586996109990445	-0.699827072489766
1.98420310564553	2.56437251779988
-1.17891674118444	-1.4161809136231
1.49742899536159	2.06641713635396
0.835138191468975	1.26221191008618
0.104813865423732	-0.240036699798176
0.911157912674887	0.777127853158583
-1.32045405731389	-0.280549354654228
0.31740587011544	0.313035875621347
1.24141077322532	2.01932009320118
0.68811782331345	0.876017808379019
2.9383441951342	2.62853492922624
-0.283095147371581	-0.524246601498033
0.541767958451422	0.338415105075051
0.380265837592042	0.622015072601233
-0.552670030377695	-0.455559530193605
0.238201906975212	1.23485520726098
-0.819660667652304	-0.753000707981449
-0.49723549332266	0.318196385516962
1.0659855737577	0.414305801463553
0.728407772311707	0.492311673826218
-0.349315561371386	0.13276359378318
0.33903331772856	0.132300374294351
0.310294399270972	0.111663610637892
0.432487233826202	0.651295019021383
-0.916160202429328	-0.475222000190206
0.147191473426841	-0.414059006932876
-0.198149882504024	-0.474144527235637
-0.381011052026765	-0.604546360791938
-0.86102654269145	-0.919928003666548
-0.283422657723417	0.17056968043206
-1.00078229421416	-2.82731458662174
-1.12766749701889	-0.637301414979568
-1.30426623560171	-0.828641281072458
-1.03880221729188	-0.853361849418657
0.120745802565606	-0.820755711241891
1.87430159791812	0.329076693223211
-0.0466840131921038	1.92722273616053
-1.09033878035611	-0.971691470290409
-0.393195756552827	-0.337233947169206
1.16272660981481	0.649076590043011
1.40218593868815	2.06006512148527
-0.301984437587627	-0.435556640474666
0.215290199051048	-0.201385445991695
1.28266504078114	2.75909546187609
-0.499964170744384	-0.012043826066673
0.0984821319234295	-0.231001726718602
-1.15258468041892	-1.9684924041671
-0.874791318958242	-0.833576401115425
-2.03183800947565	-0.819540019255768
0.291931169588973	0.228698020041223
1.86470519913827	2.17410455772267
1.02611443711341	-0.24998675304771
0.722388828432717	-0.0554077005676734
0.671364292491621	1.47882273879967
-0.855790103676465	0.268781682049022
0.561277444629759	0.268209349401906
1.63503288347091	3.15707874480985
0.278316754327518	0.54786762111782
1.31724443254246	0.823674049574344
-0.129238053011193	0.57499815761197
-0.694696031814497	0.161811270796334
0.107524692338252	-0.322714433622494
-0.507177722142096	-0.538836905754002
1.01850352917131	0.629546769864202
-1.35538008198294	-0.176863964526342
-0.985018834985873	-1.06810982717216
1.0219703647353	0.650178653062371
0.377158433970575	-0.319653901294427
0.104562963938744	-0.441094484469787
0.17913324712519	0.0414859919005317
0.653203600994383	0.138317701179217
-0.670569184031264	-0.647075060413881
0.593861878402404	0.848743363606906
-0.820121783221068	-0.946452249003511
0.603656208733791	0.170950275495413
1.08915561854215	-0.306008992347655
0.0386087730538644	0.278650794332875
-0.795036331313422	-0.840513248096173
1.92173903890187	0.806894000944498
0.255697152650691	0.382484461853514
1.48853867959293	1.62402957049607
1.21343341310291	0.995594388238199
-0.51003223831591	-1.82224658687256
0.00179476844371501	-1.20153048905592
0.858987779992041	1.20180380293887
-0.281982818033423	-0.599721627657953
0.00268112343961532	0.209041803927023
1.19407886333627	0.482502792492867
0.693952536191057	0.322585023562634
1.51462454520665	2.26189113093146
1.40438169559683	2.95370799022738
0.298718330470848	0.776515005424888
-1.19586232714494	-1.22759110936057
0.200570498600078	-0.795230942203724
1.10719934664254	-0.400251847924774
0.374782976034888	1.22591927643465
0.891689355175232	1.15317813915217
-1.32980764273663	-0.963293990731836
-0.902168044046326	-1.01646500083791
0.452965982460791	0.470037212813598
1.13001212598334	-0.628050497418548
-1.37973757027021	-0.242907949053332
0.0426736278252318	-0.0935895102959818
0.993184922184422	0.295564560244805
0.709785743829395	0.52756680111767
0.49407354933048	-0.438865902907246
0.479403879053123	0.13358415845528
0.827643028106456	-0.79569418500851
-0.558537990398831	-0.759401661043247
0.568648858712578	0.0207575179457349
-0.0209339193200139	-0.117859860884879
0.906464573893916	0.578280144097652
2.12459739827349	2.02784307981746
0.934463817388701	1.969773455376
-0.864552098955197	-1.51278130758297
0.53170392867718	0.291836821217572
-0.425219135607284	0.789952509010689
-0.433186971270823	0.166329001622063
0.356956786200545	-0.169454577172492
2.88066644807428	1.88182595057258
0.0441353653870086	-0.318761854816919
-1.47074729270369	-0.503684230251684
-0.136877401322883	-0.306980331012475
-0.815614484971635	-0.845214389674742
-0.0267313236277174	-0.596748921603876
-1.36806062172699	-0.913000038824402
-0.352206481251639	-0.816495688384966
0.14623328613446	0.711890749815979
-0.21362213851669	0.304044546299572
0.761093381885414	1.06901489109751
1.8450069832972	1.89230871834417
0.617109788337733	-0.142385534028095
2.11952425206529	3.51602819708168
-0.727241311456003	-1.76552803367756
0.90373929528439	-0.0189355574298923
0.348509156682264	0.236643532419911
-0.0432670154345479	-0.743761757306791
-0.768971206163902	-0.285563573976416
0.116061981440716	0.282469809004314
0.960737267222132	0.552631497765599
0.964834956817661	0.259311666673278
-1.01168701202107	-0.494186392950846
1.46308237107182	0.494297850470001
0.200889157619529	-0.426633822002937
0.419888637717346	-0.121062551308366
0.755652076921317	0.33622069426772
-0.211222885960235	1.13338517878362
-0.497716754624307	-0.685894636132938
0.0203001383908991	0.42785757950734
0.301966163666423	0.978391978618821
1.06653555873384	0.113983278060157
-2.59752694998381	-1.09562055608809
0.25933415056255	0.443379107642189
-0.1463510510958	0.135810020572813
0.717559951697793	0.481961114073933
0.233095054590181	0.778054428335111
1.3635232741286	0.62930001025283
0.184500952669488	-0.430070168086847
-1.07073759163953	-0.06128015329556
0.117526179823723	-0.153907930528731
-0.517819644364028	-1.28226802618013
-0.583569478390743	0.397173181134882
0.802784962961178	-0.577521554270525
0.978043050505056	1.43702948682474
0.513867169665614	0.901466987224528
1.64949081505307	1.21693514762954
1.07539283607303	0.372054592248613
0.315314059190971	0.957555693420329
1.09470075435012	1.18734984557428
0.502484698231658	0.404803217537538
-0.0882489981203411	0.405961524956456
0.241009371054897	0.618074909871802
-1.15239212362879	-0.546814649983003
1.30235338027994	0.983914085683866
0.390202997859028	0.612577245360187
0.866077425080598	0.158183970436431
-0.647592694381397	-0.747201874262141
0.206334787596302	-0.775981029533088
-0.466399869216383	0.176404641958559
2.45195024574548	2.13651208093217
0.589620377004053	1.69152722244389
1.86207112779346	2.41449998472286
-0.517878662915951	-0.474947093691896
-0.35147940374946	0.123132893199614
0.696273966983274	0.142761251712575
0.580279742221399	-1.28875006188257
1.44937083067578	2.55107098524479
0.545577574993698	0.746247152942135
1.13127825993699	0.491153989313498
2.28795641256403	4.10937771908873
0.887544269427072	0.115335361491226
0.495392853587211	-0.964025277335808
1.49176660891467	1.53994169832021
-1.37132003868475	-1.40441721325535
1.06003343175266	1.87722754819421
-0.979816000896582	-0.727837588380711
0.240587379211089	0.175029451412649
-2.08977649038288	-0.856272427625833
2.47232602989363	2.77695364469689
-1.35229899931471	-2.2445519384892
0.69117948267801	0.0600005962426586
1.16070951185597	0.427663723734499
0.551282965211752	1.18783159197759
-0.421777185468596	0.862067938583608
2.58449345477144	1.73044453176217
0.853250687712289	1.3878096987117
-1.65490398750014	-0.813719855476784
0.850933000614682	0.371631364313392
2.04871059169318	1.70366783251909
-0.839940024940772	-0.614705217095847
0.0990372001145685	1.18403261496386
-0.203545858314828	0.109889227832758
-0.245864869355185	0.340600208209124
1.05235375736761	0.0461343444927643
0.736627979710015	1.55542452426976
0.175176636748119	1.06972936021517
0.381826219622302	0.525089787717356
0.519998063394423	0.564689411900443
-0.669388139486343	-0.517125673544496
-0.186986972769091	-0.527083913990235
1.81381069403979	2.04650632397642
2.27906642309997	2.47865725423967
-0.285296487121031	-1.20053241418799
0.242120325308082	-0.711925424213779
0.400245659152306	0.723515684142487
-2.15475427513835	-0.0313944471518951
-0.783195372264572	-0.863277377495038
-0.446365064983932	-0.826727601003062
-0.101670293840824	0.120812484349573
-0.843964320993722	-0.679276650726365
0.0855329833818498	0.231447942001655
0.938694709885788	0.507615454410512
0.0599787723218657	-0.974859264798203
0.591205926622941	0.360364492172747
-0.602718859588649	-0.610481556968794
-0.481045917553015	0.00392643704429552
1.17994847905558	1.26019784716915
0.142818609349474	-0.0875314320553435
0.0207879000334615	-0.928958803022421
0.208988314609206	-0.167562060044907
0.313100285387327	0.383437397510783
-0.672035009080248	-0.774291554182843
-1.98752228049258	-2.61694846165203
-2.23574977580803	-1.39686109772096
-0.266160587229381	0.262894590611576
-0.909789602120696	-0.482470733597233
-0.970966793909929	-0.322046010043772
0.782178975596836	0.85584365565087
0.563687871024909	0.168010320928338
1.50167771311972	3.08383640297015
-0.861381883956665	-0.379425095952087
-1.61926791121522	-1.45519174974855
0.347843848964305	0.3570155801036
-0.108336685786061	-0.238963979870333
-0.0722506270629857	0.209984938650019
-0.210422606252747	0.600826931860262
0.822607764009757	0.327419227642678
0.0243130386167094	-0.36338103220411
1.19224493040738	1.18746537763634
0.0236284439543777	-0.550731899538574
0.915570446784825	1.7945658402759
0.897389583071318	0.477279105243639
0.727549438075498	1.13286239681204
0.13326313176193	0.645077524468759
-1.27215060008618	-1.16078303419299
-0.892886049040896	0.203366924087132
-1.06142586139192	-0.831605440090873
2.95347443441458	3.5422928675546
0.117034992657559	-0.187635820549324
1.45896705689638	3.58214457292204
0.546820222619035	0.624669430684021
-0.559127929416443	-0.240041124795596
-0.352282597535314	-0.656709412287615
-0.444957287701049	-0.440311517155429
0.791519989154816	0.168700609011571
-0.84872528682474	-0.739982710541641
0.218876155774544	0.458942902798806
-0.154378287409521	0.00645563105588315
0.710037427959706	0.575209166293348
1.20943187901541	1.84041642518806
-0.930092811027447	0.132917084096977
-0.270863400537652	-0.0218864114540339
0.103468173162664	-0.734971612015124
1.59247191976328	2.52053457430854
0.476381125591662	-0.0938326432042898
-0.816328019309357	-0.526161194073288
-1.09978897963021	-0.55155779571481
-1.26690315110241	-1.32478093027945
-0.0861787221886565	-0.475154488239291
1.65546837517772	1.11296180517001
0.337982764312107	-0.230074839817482
-0.66324031563213	-1.14781737606152
-0.433926797207757	-0.939727491778452
-0.480979398913209	-0.69083223370158
0.735378400153665	1.63971420726016
-0.599255730357775	0.29362593476146
1.09715101059447	0.934078631223769
1.53510742752624	2.71113072287224
0.13307903778816	-0.198178924372058
0.334478539331866	0.166232331364509
-0.548128196056509	-0.130396129476695
-0.409423721017259	-0.548321747416676
0.292747475122815	0.129454816911035
-0.744383715187932	-0.531834571067782
-0.898586486397203	-0.383330585584839
-0.854568767179583	-1.74350592052411
0.350518584100479	-1.0090814283876
0.165628824226244	-0.21834787334768
0.546278547891873	0.485006924020145
1.37979909636739	1.08835526584672
1.61014192086423	1.10377639536835
-0.641542398244844	-0.756770941375526
-0.0759833224431672	-0.106218264150769
0.948349407620751	2.31689010675195
-1.41389851700057	-0.934136063533671
-0.869147866759317	-0.168336081048564
0.474981411958817	0.0313157639497799
1.32931397290454	1.37681130904451
-1.3789215056755	-0.85451337227847
-0.611300921267641	-0.915279875272408
0.0386842672630322	0.0912727853457811
1.40313302660703	1.11703982102185
1.42664191430338	0.901218165349392
0.991583076333321	0.241138453734359
0.0654963822575775	0.00821235344722689
-1.70403920957297	-2.31691636251633
-0.0172400459942996	-0.25957433838314
0.443845265245002	-0.0349199505077266
0.0199591513196683	-0.244166253309949
-0.941103171644606	-1.21698630439762
-1.26352602946921	-0.168990548034635
1.34175908016221	0.0650965609099544
1.09185397148072	0.628613936350765
-0.918866939121803	-1.06433315832826
-1.11079541560667	-1.40679013932276
0.618731682372184	-0.304562920478192
0.802463054865472	-0.126517812605687
0.386371102763314	0.943491525421122
0.430879750100217	0.0341811122998688
1.07819272092191	1.7382825013856
0.167147265990115	-0.113303330686737
-0.491562453193135	-0.333370482278409
0.689310857643463	0.229414372064102
-0.531279404191456	-1.19325526628877
0.335020078840264	0.360833937997458
2.02473325169921	1.22001294476073
-1.00052224845514	-0.541422843224509
0.509587716505122	1.16468178425199
-1.07276390594621	-0.298636458923763
1.61978549334377	1.34878247213751
2.05540937855277	1.4315014612451
0.138779905679788	-0.347728445206439
1.04443347785185	1.96715230335978
-2.1078547502628	-1.26477541723851
2.42456918299968	1.0222125116789
0.329706915480077	0.118347830611104
1.55840267508168	1.54806829507606
0.794081738896287	0.360788568108827
-0.334871407308117	-0.620468811604099
-0.134553397617595	-0.228398378816948
0.314657943181643	-0.4485916211908
-1.3187957022133	-0.306742402784968
1.04073730770532	2.57675573429136
1.04435201397898	0.556173086091043
0.0869963730569268	-0.0230483865301105
-0.888377144116962	-0.853286279813148
-0.577323232516291	0.4303652983718
-0.59219203019539	-1.04128626849854
1.12922014869553	1.46979110402956
-1.14221275915755	-0.79430108695964
-1.20090428426948	-0.208065659493624
-0.267870434065252	-0.240901123420068
1.73510230727031	0.982512407085296
0.608239054257373	1.83881741514374
2.53988886803903	0.882053650602798
0.130731719260554	-1.14786880993646
-1.52146370856416	-1.1347845750591
0.901999624345058	0.757337652739285
-0.0203554753737657	1.22290541101997
1.46838185157397	1.30183840296062
1.25103963934952	1.44853268945768
-0.408697002654058	-0.794655999155459
-0.0858961094863772	0.653231100666962
1.098979796236	2.27326831859004
0.823811078383193	1.74348607893121
0.54059786651166	0.552277400461484
0.25228075600157	0.360472746565657
0.031271964358998	0.0248065573454061
-0.21900354396577	0.186408187736828
-0.266591438511071	-0.201172781365337
-0.565079620359051	-1.81756516666716
-0.645421688562643	-1.45466714223326
-1.04767059493893	-1.83340456354712
0.326066574750553	0.952614688710896
0.08121606788356	0.481697655082141
0.720696850759972	1.33340965210618
0.310006413534207	0.307291249047771
0.373261378028079	1.11421017525765
3.17408142116988	3.36308992036098
1.28657478976429	1.84036209601141
0.0436688942225142	-0.413034911272742
-0.522684810497347	-0.680778925555299
0.782804086529882	0.137630271925187
1.82111619825503	3.55550793490058
-0.675542513982111	-0.0595492473487271
-0.311647047571395	0.113408718354265
0.205145200486406	1.44337398233276
0.165763153455796	0.654940654850357
0.484132614488103	0.100556124249786
0.35836464470462	1.26565344691427
-1.08018211153819	-0.408711675563956
-1.13154921088648	-0.782243705237796
1.61516563942305	1.39311476278192
-0.389283705423378	1.06939313079137
-0.342703689382333	-0.0167176695926772
0.993216068684162	1.76964557095828
0.966409639694431	1.46702404542351
0.633680959907331	0.418543137007346
-0.89744249770973	-0.16801774525013
0.341101994987598	1.3630707787162
-1.56391887035582	-2.65191142885515
0.762978886130515	1.08512178019565
0.58544110187675	1.09101991616365
-1.33638523915938	-1.53313701190053
-0.110332411124333	-2.38364729978934
-0.284093027125509	0.487492659014062
0.809359664886506	1.03481607712692
0.923920399961366	0.0946690513791151
0.858083736737037	0.855342613948292
-0.38946162902412	0.081460708893777
0.436106715620867	0.121415886806053
-0.78742632439642	-0.28927585508171
0.196237326020023	0.19841415391352
0.671304582622002	0.285385624870231
0.0108751472990838	-0.336271191990582
-0.835119751560809	-0.285829297532355
0.869690985586245	1.54139170478453
-1.28143805441816	-1.21209425767061
0.374684098081925	0.836495682141521
0.632698419913751	0.169771419194566
-0.194805737629755	0.39172556358069
0.0818087521204929	1.24756779328131
-0.247918000343153	-0.531166076857131
-0.205045821988304	0.928615965613579
1.88043391687895	2.3880158157928
0.0835880313260934	-0.279182388386297
0.394077096434114	-0.127476945190553
0.902919123516235	-0.494777582639724
-0.324038671873785	-0.557125646933644
-0.875002990717076	-1.61718263522881
0.0214138877767499	-1.49712764783168
-0.144850025215798	-0.784612689309053
-0.367431170663311	-0.0370013160048573
2.44255133411745	3.13736940039535
0.906051833800554	-0.071339311106027
-0.887844008983768	-0.213880570594422
0.288156493490475	-0.344573655291806
-0.509902697942421	-0.390725447299432
0.603354658942959	0.123241601959398
1.54342839552947	1.80101152655795
-0.499794287405826	0.394728738572531
-1.03148301719793	-0.629706598403971
0.325399395542439	-0.0150814083576664
-2.31032331060132	-1.78241764145697
0.528980619313444	0.671717757018704
0.04713887541871	0.318296482803247
2.06451237307119	1.8685764562624
-0.804999826095167	-1.08464492513339
0.100859751416659	-0.0692481639082473
1.29085942511712	2.3006579330649
0.959139431251069	2.17134454583224
0.483891067332865	-1.10727481483964
0.731124205531867	0.761980524640362
0.187998103361767	1.35360751621425
0.152211651637707	-0.563498336358125
-1.81398391372368	-0.337101501792192
-0.567297523277793	-2.60077380351741
-1.07448511160156	-1.76840232590595
0.852261786787943	0.740237064548358
-1.23561452991007	-0.0272052059914372
-0.989868077247011	-0.654452361227233
-1.16671835933925	-2.08227910898182
-1.12563527176567	-2.35365720782433
1.37805815452591	0.893194281502772
1.0046533279315	0.594671269096728
1.17606735748498	0.537636540326707
-0.0175421746284985	-0.0817575142878986
0.71178587379663	0.947366220106532
0.323395573578588	0.498315416765279
-0.153227035884773	0.276411615082955
0.66780859302733	0.727935636923519
1.03392438610742	-0.230803281530035
0.368401067500371	0.233960545970606
0.034445697048539	0.131561193742118
1.10629215323117	0.709489738852804
1.44614568576228	0.18474964713153
-0.652547969731114	-0.668466015768924
1.43114039190155	1.38797892198542
0.803394502516925	0.985915372468065
0.758261196306122	0.030078832526558
0.136023538334081	0.0106370972815238
-1.23547262323052	-0.232698168793854
-1.20006702553035	-0.832889981328537
-0.631338397475885	0.0461057113011417
-0.136945830019416	-0.139407729007256
-0.0595240812989395	0.0474493371166373
0.169409803454503	0.556247392790223
-0.591955665233136	-0.0126184396000847
0.849268117050544	0.121012487016073
-1.24447736508852	-0.823742262104372
-0.957619310988491	0.0282619115595067
0.892866732399366	-0.363133405691507
0.208261122302808	-0.633490212886464
1.18499583446585	1.53260657079598
0.551639404192914	0.665528694449453
0.084327628837824	0.981275178721694
-0.0975576212383014	0.25065730365106
0.788453614886408	1.34169626200101
1.67364936845506	1.8885981176297
0.0967467555079107	0.0652527913399026
-0.649370495615976	-1.98125595321646
1.01102071713294	0.263758638638098
0.935072007653526	0.747456311428498
2.38294353702977	2.30987743058457
-1.14677114014343	-2.63350943425748
0.0361988648736428	0.682386935531199
-1.14250144332096	-1.03217581918764
-0.106139295035775	-0.389523159949415
-0.49950985220853	-0.28014470799107
-0.150308711438314	0.395482595363128
-1.65304757694708	-0.724163716524438
0.535220904886832	0.478317914784178
0.108708209458463	-0.137628361878423
-0.99774098683571	0.00627008679606017
-0.695586875460119	0.244610605525735
-1.37222836332002	-1.02213471754254
-1.82787482412915	-0.397584624575332
1.1490156694884	0.267037916056964
0.259225259201335	-0.295732875624794
0.772900109215682	1.24962020484937
-1.9475059852366	-1.7522233205937
-0.379593368030158	0.0570346518370722
1.35500219021958	1.16334776247151
0.207800775479945	-0.901765109917129
-0.430328020101565	-0.113670282210082
0.100408758633402	0.437621296636707
0.820136210787703	-0.749961249597408
1.14447610795382	2.61694965495917
1.39909376236072	0.403485927921808
0.869026336112955	1.18771725061264
0.179916882344866	-0.0241747390132471
-1.22065359150273	-0.324454319488139
-0.136257418216999	0.14128642370979
-0.712539067095576	-0.478551484770773
-0.681570580891841	-0.717704781427603
1.68361199973687	2.22886595580549
0.357653031953897	0.871852794648302
1.08395594035161	0.0942114600034979
1.87701539735526	1.1166177295633
0.0648705338790768	-0.388097610029752
0.709484560894244	1.85078911956088
-0.633333728387327	-0.12375183430221
0.0680981994135842	0.350399271264425
1.03680685037182	0.631688924774657
0.891360649068553	0.465342530839572
-1.55787814518147	-0.808949438894065
0.411945814993676	-0.316664808363167
1.08201996208664	2.34018074917248
2.21741880368861	2.39479313749693
-0.356674965659205	-0.930472840107867
0.206272626065323	-0.692349442637379
-1.28710183171634	-0.670334904388601
0.744757359787754	1.62294319070986
0.933147071240037	2.37854256885617
-1.69926874407667	-1.13338744805046
1.66073203885209	1.06478425736925
-0.25992605676003	-0.959618283140604
-1.37374469592549	-1.28568422965939
0.218826534725849	0.123010595998422
0.187301400861939	-0.428647361769416
0.903803178224781	-0.0954912233005493
1.09136917103895	1.9292847598504
-0.948065828036998	-1.12750223696181
1.41498566515215	0.535754627368952
-0.110840055574309	-1.34343927576786
0.966957067066354	1.09576338009021
-0.932921465875016	-0.703455241566578
-0.770169320318727	-0.215765289312376
-0.0822047217180921	-0.529575524624032
0.0921577311447994	0.0732699073554613
0.980738657770948	1.52229090317901
-0.0505594443518555	0.368056128951003
0.46580852066511	0.177815228872557
0.77999133265467	1.66601278913359
1.57935444105756	1.27343342086413
0.222699180372091	0.891886271125182
-0.460208818615797	-0.46490715588378
0.917394264420673	0.683742959896412
-0.447365973592894	0.47778717892328
-0.7202166891282	-1.67797470978273
0.259414184760931	-0.109943475203665
-0.565582877646805	0.0631087814985189
1.05406567414623	0.140275775413115
-0.0418452850841148	-0.384933183226337
-0.274272558386505	0.424361705576483
1.67951265473	1.8945027404293
-0.426044680385488	-0.465130758455727
1.13858945365127	0.830735512326539
-0.364422791635207	-0.909824203419197
0.920938004320436	0.720787654256722
0.379377022996533	0.873747006268816
0.617667033635178	0.244750457186775
-0.550047025067023	-0.341633598312247
-0.357788398634965	0.253535661931175
0.465079130932703	0.2154829063468
-0.137287958610303	-0.838876133714721
0.0388963527932257	0.0215973584966493
-0.762350529287503	-0.841421189403376
0.618916381456674	-0.370020812802596
0.490275755126259	0.445630126448682
0.635138434718203	0.661288154630659
0.311713557747044	0.277125059778706
1.09315759419202	2.2476024416367
0.478528465210268	0.245726682903909
0.319671868232584	1.55694219471561
0.0737124343182948	-0.510677235894319
1.14621572293501	1.94575689360718
1.58893276442496	0.978880990382431
1.53190851543121	1.87085928544539
-2.90720666272071	-1.62012957645518
-0.939684215104426	-0.470457436026844
0.234366983479351	-0.6474217439422
-0.503048665797995	-0.422206359503844
0.131616060049158	0.435961434538849
-0.919836387038338	-0.363686092507808
0.498538658596592	0.124835271512593
1.02768376671791	1.11021741137714
-1.54193203890081	-1.01134088009364
-0.626283765749252	-0.900234657121986
0.511343532690681	0.81779781982251
1.27175959590247	1.09250908582994
0.714505974625055	1.62389801991034
-0.393756717127789	-0.0793447514436038
0.70230734103371	2.01887787249969
0.621535667095301	-0.179268407737317
-0.886187420462303	-1.02192041163376
1.06017172279229	1.57955285433235
-1.21158918355312	-0.219307428564945
0.935795654336272	0.418964900361988
0.489273169538241	0.255381372667521
-0.289684519285263	-0.720045497065978
0.23696989431604	1.91230961749555
-0.102737986640178	-0.214696160876249
-0.0784274859512593	0.048623192341684
0.3042928874257	0.30300968335048
-1.48636685150173	-1.46610309997215
-2.07167335705564	-1.39284317471803
0.93231188128515	0.390021723434515
1.09095272305688	1.18975357307635
1.67279666170657	1.24734908148618
1.2345328536281	2.04972724563145
-1.84931377378213	-1.14839313525999
0.302880861889138	0.455588646428838
0.0353483919061249	-0.180148959818933
-0.0136396765589605	-0.154597874161832
0.920271393969875	0.672430371432424
-0.510371709012997	-0.0929636988310483
0.269688184107928	-1.07627391370205
0.000113471276931343	0.115202732865394
-0.0586421656061213	-0.243398581615746
-0.177684767390054	-0.743516192793678
1.39814720207389	1.57542382676662
-0.631970624543907	-0.380875880358402
-0.645772135614236	-0.833290276268417
0.0121030318868704	0.365211648927139
-1.50956081812633	-0.76070178889632
-0.243197502563956	-0.118101524812556
0.854301156546511	-0.299855063174545
1.64047948144247	1.12358861564026
0.641525198775638	-0.258424776641876
1.22296431709121	2.45188161454788
0.949213234004797	0.151506479110284
0.490394292843718	0.891336624193643
-1.92067588544227	-2.25340624444419
-0.913259554533582	-0.190362725805986
0.075297546756372	0.606632073528484
0.297437247472586	-0.374553777944982
0.36093189335948	-0.228439616539694
0.69681751414714	1.38592813268971
-1.40134798853184	-0.625689844155632
2.28086581249265	3.13404013934116
0.616123304772612	1.02872444183247
0.781574457595833	0.163711664832816
0.518156100569065	0.273805759501446
0.996466492233775	0.338986855491623
-1.62249855691615	-0.690675899665441
-1.06426234079658	-0.95982324754371
-1.00980634422694	-0.738340949339796
0.921997673055613	0.725016866956157
0.195069970715395	-1.23532234939107
-0.987212839290305	0.176356621255663
0.366127108997152	0.748023694305569
-0.280782832843059	-0.744954115684261
0.568994738969777	0.757149458400636
-0.784819200348941	-2.2345364384006
-0.308882649877708	-0.0771460725036674
-1.41729383573508	-1.34846405815088
2.62241673352805	3.44720500667331
-1.53360938880817	-0.788491922943054
2.09799780579051	3.28707389085373
-0.318993932318664	-0.268128814469723
1.25084043068381	1.93053134820421
0.0712402818037492	0.0590625555569566
-1.30201366320232	-1.52890606807759
-0.937727920412591	-0.950106586995038
0.893805632373072	0.120493608898796
1.28659050057353	1.55604724933563
1.22350096790697	2.32289592017634
0.640989320361407	1.2535632768455
-0.867239703040057	-1.63381127889008
-1.21062194397885	-0.880953888603947
2.54769333377224	2.52804001227466
0.551912427877127	-0.211924984192666
0.18718378963134	0.59302678255554
-0.632508909682992	-0.790961290727065
2.74434643408778	3.59120552551675
-0.478096031648556	0.206376469375273
-0.443739385720066	-0.642096452645204
1.40750967226411	1.27619463863229
0.43426332048005	0.375156733134502
1.44103391974597	1.73143617837143
-0.351363616165126	-0.0119661097155406
-0.0642398896494084	0.27022068490787
0.704384550148131	0.422629493060318
-0.602615896094081	-2.14606594413398
0.761646542670102	0.148644196148742
0.103533567314006	-0.236634653369051
-1.24077424965159	-1.00945880588088
-0.366161124596776	-0.302277039881303
0.411748804566018	0.285117953977496
0.845073403573289	0.66834956784197
-0.796902846410108	-0.621389165704166
0.384716980188711	0.292010284871043
0.067037407418731	-1.1611908654829
0.242816875047504	0.352077712220481
1.25049039653022	0.868090645991714
-0.882690204223719	-1.26901884257364
-0.139285160659635	0.483193140888441
-0.244945213199944	1.00865331559678
-1.12650315308462	-0.25091617424457
-0.742991268177285	-0.856264993780296
1.03227119102457	-0.074188102515109
-0.439145604470092	-0.0387805007245509
-0.0284469753243987	-1.79745140603192
-1.19511582397975	-0.96914182572692
-1.66533126410367	-2.56963671529162
0.123097812841674	-0.551798614840711
0.361345316454547	-0.139048149592293
-0.0884931522034965	-0.634504353258748
0.0365938711757474	0.0441297741525775
1.20055155295212	0.982034561925268
0.759167764524908	-0.25120774563047
0.372311886833831	0.0277275285510667
0.680989072811033	0.782524560178317
-0.429955990316146	0.381715599596315
-0.849237716254998	-0.0845078319060933
0.840213967764629	0.899006490706753
-0.593333769395745	-0.531425987088939
0.359535950326645	-0.821698999333212
-2.05243297493124	-1.82706016552522
0.477594681695578	0.691598174612292
-0.753572737846624	0.399182244828464
-0.218366574883269	-0.319954904942241
